67.5625
68.2491455078
68.9357910156
69.6224365234
70.3090820312
70.9957275391
71.6823730469
72.3690185547
73.0556640625
73.7423095703
74.4289550781
75.1156005859
75.8022460938
76.4888916016
77.1755371094
77.8621826172
78.548828125
79.2354736328
79.9221191406
80.6087646484
81.2954101562
81.9820556641
82.6687011719
83.3553466797
84.0419921875
84.7286376953
85.4152832031
86.1019287109
86.7885742188
87.4752197266
88.1618652344
88.8485107422
89.53515625
90.2218017578
90.9084472656
91.5950927734
92.2817382812
92.9683837891
93.6550292969
94.3416748047
95.0283203125
95.7149658203
96.4016113281
97.0882568359
97.7749023438
98.4615478516
99.1481933594
99.8348388672
100.521484375
101.208129883
101.894775391
102.581420898
103.268066406
103.954711914
104.641357422
105.32800293
106.014648438
106.701293945
107.387939453
108.074584961
108.761230469
109.447875977
110.134521484
110.821166992
111.5078125
112.194458008
112.881103516
113.567749023
114.254394531
