1266.981085
1176.63183119
1221.39435339
1249.46871042
1248.63328239
1217.29198404
1204.29310062
1234.59523054
1224.45121081
1228.91896256
1238.99127241
1230.0990603
1685.18147604
1332.82240069
2863.84246973
3237.895507
3250.75216436
3256.8660899
3257.73308697
3258.22299688
3258.89865343
3258.80659685
3259.04354637
3258.96225872
3258.83448444
3258.68695797
3258.18393446
3258.47531472
3259.06886315
3257.8925854
3257.98846459
3257.99760296
3255.17250813
3258.11648759
3258.55965284
3258.43924903
3258.47694005
3258.80889596
3258.91241431
3258.68853814
3259.75100577
3258.88789037
3258.95307831
3258.76287585
3258.6317134
3258.91624555
3257.91110469
3258.13793592
3256.68275203
3256.83868729
3254.19761205
3246.77090859
3225.48761419
3095.52037566
2073.32745334
2635.82990266
2578.27020288
2542.94851977
2388.6270175
2081.39861151
1596.32974431
1172.01269725
1200.24665034
1244.7661778
1301.92230619
1250.74632075
1301.61612719
1336.80135979
1269.87007632
